[gd_scene load_steps=18 format=2]

[ext_resource path="res://assets/enviroment_night.tres" type="Environment" id=1]
[ext_resource path="res://scenes/pijp_kapot.tscn" type="PackedScene" id=2]
[ext_resource path="res://scenes/pijp_groot.tscn" type="PackedScene" id=3]
[ext_resource path="res://scenes/ceres_omgeving.tscn" type="PackedScene" id=4]
[ext_resource path="res://scenes/kaarspotje.tscn" type="PackedScene" id=5]
[ext_resource path="res://scripts/Camera.gd" type="Script" id=6]
[ext_resource path="res://scenes/ruine.tscn" type="PackedScene" id=7]
[ext_resource path="res://scenes/tree_sphere.tscn" type="PackedScene" id=8]
[ext_resource path="res://scripts/main.gd" type="Script" id=9]
[ext_resource path="res://scenes/tree_blobby.tscn" type="PackedScene" id=10]
[ext_resource path="res://scenes/tree_bush_three.tscn" type="PackedScene" id=11]
[ext_resource path="res://assets/models/grass_2/grass_leaves.material" type="Material" id=12]
[ext_resource path="res://scenes/tree_long_blob.tscn" type="PackedScene" id=13]
[ext_resource path="res://scenes/boomstronk.tscn" type="PackedScene" id=14]
[ext_resource path="res://scenes/kado.tscn" type="PackedScene" id=15]

[sub_resource type="SpatialMaterial" id=1]
albedo_color = Color( 0.203922, 0.45098, 0, 1 )

[sub_resource type="PlaneMesh" id=2]
material = SubResource( 1 )
size = Vector2( 200, 200 )

[node name="main" type="Node"]
script = ExtResource( 9 )

[node name="see_shit_sun" type="DirectionalLight" parent="."]
transform = Transform( 1, 0, 0, 0, -0.302819, 0.953048, 0, -0.953048, -0.302819, 1.46211, 17.689, 33.0521 )
visible = false
layers = 3
light_energy = 0.65
light_indirect_energy = 8.4

[node name="world_env" type="WorldEnvironment" parent="."]
environment = ExtResource( 1 )

[node name="grond" type="CSGMesh" parent="."]
cast_shadow = 0
mesh = SubResource( 2 )
material = ExtResource( 12 )

[node name="Camera" type="Camera" parent="."]
transform = Transform( 1, 0, 0, 0, 1, 0, 0, 0, 1, -16.0911, 1.47702, -26.8939 )
far = 3000.0
script = ExtResource( 6 )

[node name="SpotLight" type="SpotLight" parent="."]
transform = Transform( 1, 0, 0, 0, -4.37114e-08, 1, 0, -1, -4.37114e-08, -8.33951, 37.1307, -3.2666 )
layers = 3
light_color = Color( 1, 0.827451, 0.501961, 1 )
light_energy = 3.0
light_cull_mask = 4294967289
spot_range = 31.9

[node name="kaarsen" type="Node" parent="."]

[node name="kaarspotje" parent="kaarsen" instance=ExtResource( 5 )]
transform = Transform( 1, 0, 0, 0, 1, 0, 0, 0, 1, -19.05, 0, -4.594 )

[node name="kaarspotje2" parent="kaarsen" instance=ExtResource( 5 )]
transform = Transform( 1, 0, 0, 0, 1, 0, 0, 0, 1, -14.8184, 0.111881, -1.35879 )

[node name="kaarspotje4" parent="kaarsen" instance=ExtResource( 5 )]
transform = Transform( 1, 0, 0, 0, 1, 0, 0, 0, 1, -3.69275, 0, 3.61791 )

[node name="kaarspotje3" parent="kaarsen" instance=ExtResource( 5 )]
transform = Transform( 1, 0, 0, 0, 1, 0, 0, 0, 1, -0.0386872, 0.121437, -1.40711 )

[node name="kaarspotje5" parent="kaarsen" instance=ExtResource( 5 )]
transform = Transform( 1, 0, 0, 0, 1, 0, 0, 0, 1, 12.3745, -0.00131494, -7.29018 )

[node name="kaarspotje7" parent="kaarsen" instance=ExtResource( 5 )]
transform = Transform( 1, 0, 0, 0, 1, 0, 0, 0, 1, -2.9418, -0.00131494, -21.3215 )

[node name="kaarspotje18" parent="kaarsen" instance=ExtResource( 5 )]
transform = Transform( 1, 0, 0, 0, 1, 0, 0, 0, 1, -7.81791, 0.697987, -12.5591 )

[node name="kaarspotje10" parent="kaarsen" instance=ExtResource( 5 )]
transform = Transform( 1, 0, 0, 0, 1, 0, 0, 0, 1, -8.1736, 0.706878, -11.8318 )

[node name="kaarspotje19" parent="kaarsen" instance=ExtResource( 5 )]
transform = Transform( 1, 0, 0, 0, 1, 0, 0, 0, 1, -9.88401, 0.000934422, -10.236 )

[node name="kaarspotje20" parent="kaarsen" instance=ExtResource( 5 )]
transform = Transform( 1, 0, 0, 0, 1, 0, 0, 0, 1, -9.88401, 0.000934422, -13.6529 )

[node name="kaarspotje6" parent="kaarsen" instance=ExtResource( 5 )]
transform = Transform( 1, 0, 0, 0, 1, 0, 0, 0, 1, 21.6165, -0.00131494, -4.47491 )

[node name="kaarspotje8" parent="kaarsen" instance=ExtResource( 5 )]
transform = Transform( 1, 0, 0, 0, 1, 0, 0, 0, 1, 11.8636, -0.00131494, -0.961839 )

[node name="kaarspotje11" parent="kaarsen" instance=ExtResource( 5 )]
transform = Transform( 1, 0, 0, 0, 1, 0, 0, 0, 1, 6.26354, -0.00131446, -2.20844 )

[node name="kaarspotje9" parent="kaarsen" instance=ExtResource( 5 )]
transform = Transform( 1, 0, 0, 0, 1, 0, 0, 0, 1, 10.5026, -0.00131494, -15.3472 )

[node name="kaarspotje17" parent="kaarsen" instance=ExtResource( 5 )]
transform = Transform( 1, 0, 0, 0, 1, 0, 0, 0, 1, 3.9347, -0.00131494, -16.3481 )

[node name="kaarspotje12" parent="kaarsen" instance=ExtResource( 5 )]
transform = Transform( 1, 0, 0, 0, 1, 0, 0, 0, 1, 20.9512, -0.00131494, -17.3274 )

[node name="kaarspotje13" parent="kaarsen" instance=ExtResource( 5 )]
transform = Transform( 1, 0, 0, 0, 1, 0, 0, 0, 1, 24.8141, 1.94171, -7.29798 )

[node name="kaarspotje14" parent="kaarsen" instance=ExtResource( 5 )]
transform = Transform( 1, 0, 0, 0, 1, 0, 0, 0, 1, 16.5217, -0.00131494, 4.04876 )

[node name="kaarspotje15" parent="kaarsen" instance=ExtResource( 5 )]
transform = Transform( -0.922827, 0, 0.385214, 0, 1, 0, -0.385214, 0, -0.922827, -10.2718, -0.00131494, 9.80919 )

[node name="kaarspotje16" parent="kaarsen" instance=ExtResource( 5 )]
transform = Transform( -0.922827, 0, 0.385214, 0, 1, 0, -0.385214, 0, -0.922827, -20.5496, -0.00131494, 4.7293 )

[node name="zon" type="Node" parent="."]

[node name="night_sun" type="DirectionalLight" parent="zon"]
transform = Transform( 0.211786, -0.974428, 0.0750767, 0.0941781, -0.0561135, -0.993973, 0.972768, 0.21758, 0.0798857, 1.46211, 17.689, -23.5523 )
layers = 2
light_energy = 16.0
light_indirect_energy = 8.4
light_cull_mask = 4294967294

[node name="night_sun2" type="DirectionalLight" parent="zon"]
transform = Transform( 0.179282, 0.983044, -0.0385098, 0.0941781, -0.0561135, -0.993973, -0.97928, 0.174574, -0.102641, -20.3471, 17.689, 6.26745 )
layers = 2
light_energy = 16.0
light_indirect_energy = 8.4
light_cull_mask = 4294967294

[node name="bomen" type="Node" parent="."]

[node name="ceres_omgeving" parent="bomen" instance=ExtResource( 4 )]
transform = Transform( 1, 0, 0, 0, 1, 0, 0, 0, 1, -0.313969, -3.8147e-06, 0.0962982 )

[node name="blobby_tree" parent="bomen" instance=ExtResource( 10 )]
transform = Transform( 0.538344, 0, -0.842725, 0, 1, 0, 0.842725, 0, 0.538344, 0, -0.518158, -23.2609 )

[node name="three_bush_tree" parent="bomen" instance=ExtResource( 11 )]
transform = Transform( 0.576347, -0.104121, -0.810545, 0, 0.99185, -0.127411, 0.817205, 0.0734328, 0.571649, 5.83294, 0.131429, -21.2038 )

[node name="sphere_tree" parent="bomen" instance=ExtResource( 8 )]
transform = Transform( 1, 0, 0, 0, 1, 0, 0, 0, 1, 5.16735, -2.96212, -23.6199 )

[node name="three_bush_tree2" parent="bomen" instance=ExtResource( 11 )]
transform = Transform( 0.765464, 0, -1.84772, 0, 2, 0, 1.84772, 0, 0.765464, -4.96764, -0.968176, -23.3771 )

[node name="blobby_tree2" parent="bomen" instance=ExtResource( 10 )]
transform = Transform( 0.460727, 0, -0.887542, 0, 1, 0, 0.887542, 0, 0.460727, -2.59105, -2.34368, -26.8983 )

[node name="long_blob_tree" parent="bomen" instance=ExtResource( 13 )]
transform = Transform( 0.829215, 0, 1.24996, 0, 1.5, 0, -1.24996, 0, 0.829215, -8.9451, 0, -24.8076 )

[node name="sphere_tree2" parent="bomen" instance=ExtResource( 8 )]
transform = Transform( 1, 0, 0, 0, 1, 0, 0, 0, 1, -6.15994, -1.15603, -27.6696 )

[node name="sphere_tree3" parent="bomen" instance=ExtResource( 8 )]
transform = Transform( 3, 0, 0, 0, 3, 0, 0, 0, 3, 29.2923, -2.29356, -4.28777 )

[node name="sphere_tree5" parent="bomen" instance=ExtResource( 8 )]
transform = Transform( 3, 0, 0, 0, 3, 0, 0, 0, 3, 13.5122, -4.24116, -25.7439 )

[node name="sphere_tree4" parent="bomen" instance=ExtResource( 8 )]
transform = Transform( 1, 0, 0, 0, 1, 0, 0, 0, 1, 26.6471, 0.0415139, -0.492724 )

[node name="long_blob_tree2" parent="bomen" instance=ExtResource( 13 )]
transform = Transform( -0.724778, 0, -1.86405, 0, 2, 0, 1.86405, 0, -0.724778, 23.7911, 0, 3.95856 )

[node name="long_blob_tree4" parent="bomen" instance=ExtResource( 13 )]
transform = Transform( -1.6719, 0, 1.09761, 0, 2, 0, -1.09761, 0, -1.6719, 18.078, 0, -17.406 )

[node name="long_blob_tree3" parent="bomen" instance=ExtResource( 13 )]
transform = Transform( -0.543584, 0, -1.39804, 0, 1.5, 0, 1.39804, 0, -0.543584, 26.3321, 0, -11.1897 )

[node name="blobby_tree3" parent="bomen" instance=ExtResource( 10 )]
transform = Transform( 1, 0, 0, 0, 1, 0, 0, 0, 1, 21.1465, 0, 6.21499 )

[node name="long_blob_tree7" parent="bomen" instance=ExtResource( 13 )]
transform = Transform( 0.693348, 0, 1.87597, 0, 2, 0, -1.87597, 0, 0.693348, 14.1388, 0, 7.83923 )

[node name="blobby_tree8" parent="bomen" instance=ExtResource( 10 )]
transform = Transform( -0.999859, 0, -0.0168067, 0, 1, 0, 0.0168067, 0, -0.999859, 16.7451, 0, 5.53867 )

[node name="long_blob_tree8" parent="bomen" instance=ExtResource( 13 )]
transform = Transform( -1.89467, 0, 0.640498, 0, 2, 0, -0.640498, 0, -1.89467, 9.62294, -1.45814, 11.6162 )

[node name="blobby_tree9" parent="bomen" instance=ExtResource( 10 )]
transform = Transform( 0.0448225, 0, -0.998995, 0, 1, 0, 0.998995, 0, 0.0448225, 7.25024, -1.45814, 9.07536 )

[node name="three_bush_tree3" parent="bomen" instance=ExtResource( 11 )]
transform = Transform( 1.73535, 0, -0.478092, 0, 1.8, 0, 0.478092, 0, 1.73535, 25.5675, -0.65514, -15.7111 )

[node name="blobby_tree4" parent="bomen" instance=ExtResource( 10 )]
transform = Transform( -0.172169, 0, 0.985067, 0, 1, 0, -0.985067, 0, -0.172169, -18.8856, -0.518158, 6.56176 )

[node name="three_bush_tree4" parent="bomen" instance=ExtResource( 11 )]
transform = Transform( -0.360909, 0.118824, 0.925, 0, 0.99185, -0.127411, -0.932601, -0.0459836, -0.357967, -21.8969, 0.131429, 2.15854 )

[node name="sphere_tree6" parent="bomen" instance=ExtResource( 8 )]
transform = Transform( -0.970135, 0, 0.242565, 0, 1, 0, -0.242565, 0, -0.970135, -21.8372, -2.96212, 4.66393 )

[node name="three_bush_tree5" parent="bomen" instance=ExtResource( 11 )]
transform = Transform( -0.29441, 0, 1.97821, 0, 2, 0, -1.97821, 0, -0.29441, -11.946, -0.968176, 6.88678 )

[node name="three_bush_tree8" parent="bomen" instance=ExtResource( 11 )]
transform = Transform( 1.71871, 0, -1.02277, 0, 2, 0, 1.02277, 0, 1.71871, 20.0334, -2.47595, 0.819099 )

[node name="blobby_tree5" parent="bomen" instance=ExtResource( 10 )]
transform = Transform( -0.23168, 0, 0.972792, 0, 1, 0, -0.972792, 0, -0.23168, -15.1058, -2.34368, 9.72634 )

[node name="long_blob_tree5" parent="bomen" instance=ExtResource( 13 )]
transform = Transform( -1.10765, 0, -1.01149, 0, 1.5, 0, 1.01149, 0, -1.10765, -8.43435, 0, 9.23939 )

[node name="sphere_tree7" parent="bomen" instance=ExtResource( 8 )]
transform = Transform( -0.970135, 0, 0.242565, 0, 1, 0, -0.242565, 0, -0.970135, -11.8305, -1.15603, 11.3403 )

[node name="blobby_tree6" parent="bomen" instance=ExtResource( 10 )]
transform = Transform( 0.934092, 0, -0.357032, 0, 1, 0, 0.357032, 0, 0.934092, 3.55712, -0.518158, 7.10119 )

[node name="three_bush_tree6" parent="bomen" instance=ExtResource( 11 )]
transform = Transform( 0.949453, -0.0399957, -0.311352, 0, 0.99185, -0.127411, 0.313909, 0.120971, 0.941714, 9.46923, 0.131429, 5.2841 )

[node name="sphere_tree8" parent="bomen" instance=ExtResource( 8 )]
transform = Transform( 0.803743, 0, 0.594977, 0, 1, 0, -0.594977, 0, 0.803743, 7.49674, -2.96212, 3.73819 )

[node name="three_bush_tree7" parent="bomen" instance=ExtResource( 11 )]
transform = Transform( 1.71459, 0, -1.02966, 0, 2, 0, 1.02966, 0, 1.71459, -0.504722, -0.968176, 9.96343 )

[node name="blobby_tree7" parent="bomen" instance=ExtResource( 10 )]
transform = Transform( 0.898373, 0, -0.439234, 0, 1, 0, 0.439234, 0, 0.898373, -0.689588, -2.34368, 5.71928 )

[node name="long_blob_tree6" parent="bomen" instance=ExtResource( 13 )]
transform = Transform( -0.0772226, 0, 1.49801, 0, 1.5, 0, -1.49801, 0, -0.0772226, -4.55271, 0, 11.1801 )

[node name="sphere_tree9" parent="bomen" instance=ExtResource( 8 )]
transform = Transform( 0.803743, 0, 0.594977, 0, 1, 0, -0.594977, 0, 0.803743, -4.01695, -1.15603, 7.22276 )

[node name="pijpen_ruine" type="Node" parent="."]

[node name="pijp_groot" parent="pijpen_ruine" instance=ExtResource( 3 )]

[node name="pijp_kapot" parent="pijpen_ruine" instance=ExtResource( 2 )]

[node name="ruine" parent="pijpen_ruine" instance=ExtResource( 7 )]
transform = Transform( 1, 0, 0, 0, 1, 0, 0, 0, 1, 11.3256, 2.24575, -7.7029 )

[node name="kado_scene" type="Node" parent="."]

[node name="boomstronk" parent="kado_scene" instance=ExtResource( 14 )]
transform = Transform( -0.3749, 0, -0.330833, 0, 0.5, 0, 0.330833, 0, -0.3749, -8.0141, 0.551616, -12.2009 )

[node name="kado" parent="kado_scene" instance=ExtResource( 15 )]
transform = Transform( 0.2, 0, 0, 0, 0.2, 0, 0, 0, 0.2, -8.03517, 0.638935, -12.1921 )

[node name="kado_spot" type="SpotLight" parent="kado_scene"]
transform = Transform( 1, 0, 0, 0, 0.0108906, 0.999941, 0, -0.999941, 0.0108906, -8.02094, 1.65985, -12.2831 )
spot_range = 1.0
